1024
1.00000E+23 0 1.00000E+09 0.00000E+00 0
2.00000E+23 0 2.00000E+09 1.00000E+03 0
3.00000E+23 0 3.00000E+09 2.00000E+03 0
4.00000E+23 0 4.00000E+09 3.00000E+03 0
5.00000E+23 0 5.00000E+09 4.00000E+03 0
6.00000E+23 0 6.00000E+09 5.00000E+03 0
7.00000E+23 0 7.00000E+09 6.00000E+03 0
8.00000E+23 0 8.00000E+09 7.00000E+03 0
9.00000E+23 0 9.00000E+09 8.00000E+03 0
1.00000E+24 0 1.00000E+10 9.00000E+03 0
1.10000E+24 0 1.10000E+10 0.00000E+00 0
1.20000E+24 0 1.20000E+10 1.00000E+03 0
1.30000E+24 0 1.30000E+10 2.00000E+03 0
1.40000E+24 0 1.40000E+10 3.00000E+03 0
1.50000E+24 0 1.50000E+10 4.00000E+03 0
1.60000E+24 0 1.60000E+10 5.00000E+03 0
1.70000E+24 0 1.70000E+10 6.00000E+03 0
1.80000E+24 0 1.80000E+10 7.00000E+03 0
1.90000E+24 0 1.90000E+10 8.00000E+03 0
2.00000E+24 0 2.00000E+10 9.00000E+03 0
2.10000E+24 0 2.10000E+10 0.00000E+00 0
2.20000E+24 0 2.20000E+10 1.00000E+03 0
2.30000E+24 0 2.30000E+10 2.00000E+03 0
2.40000E+24 0 2.40000E+10 3.00000E+03 0
2.50000E+24 0 2.50000E+10 4.00000E+03 0
2.60000E+24 0 2.60000E+10 5.00000E+03 0
2.70000E+24 0 2.70000E+10 6.00000E+03 0
2.80000E+24 0 2.80000E+10 7.00000E+03 0
2.90000E+24 0 2.90000E+10 8.00000E+03 0
3.00000E+24 0 3.00000E+10 9.00000E+03 0
3.10000E+24 0 3.10000E+10 0.00000E+00 0
3.20000E+24 0 3.20000E+10 1.00000E+03 0
3.30000E+24 0 3.30000E+10 2.00000E+03 0
3.40000E+24 0 3.40000E+10 3.00000E+03 0
3.50000E+24 0 3.50000E+10 4.00000E+03 0
3.60000E+24 0 3.60000E+10 5.00000E+03 0
3.70000E+24 0 3.70000E+10 6.00000E+03 0
3.80000E+24 0 3.80000E+10 7.00000E+03 0
3.90000E+24 0 3.90000E+10 8.00000E+03 0
4.00000E+24 0 4.00000E+10 9.00000E+03 0
4.10000E+24 0 4.10000E+10 0.00000E+00 0
4.20000E+24 0 4.20000E+10 1.00000E+03 0
4.30000E+24 0 4.30000E+10 2.00000E+03 0
4.40000E+24 0 4.40000E+10 3.00000E+03 0
4.50000E+24 0 4.50000E+10 4.00000E+03 0
4.60000E+24 0 4.60000E+10 5.00000E+03 0
4.70000E+24 0 4.70000E+10 6.00000E+03 0
4.80000E+24 0 4.80000E+10 7.00000E+03 0
4.90000E+24 0 4.90000E+10 8.00000E+03 0
5.00000E+24 0 5.00000E+10 9.00000E+03 0
5.10000E+24 0 5.10000E+10 0.00000E+00 0
5.20000E+24 0 5.20000E+10 1.00000E+03 0
5.30000E+24 0 5.30000E+10 2.00000E+03 0
5.40000E+24 0 5.40000E+10 3.00000E+03 0
5.50000E+24 0 5.50000E+10 4.00000E+03 0
5.60000E+24 0 5.60000E+10 5.00000E+03 0
5.70000E+24 0 5.70000E+10 6.00000E+03 0
5.80000E+24 0 5.80000E+10 7.00000E+03 0
5.90000E+24 0 5.90000E+10 8.00000E+03 0
6.00000E+24 0 6.00000E+10 9.00000E+03 0
6.10000E+24 0 6.10000E+10 0.00000E+00 0
6.20000E+24 0 6.20000E+10 1.00000E+03 0
6.30000E+24 0 6.30000E+10 2.00000E+03 0
6.40000E+24 0 6.40000E+10 3.00000E+03 0
6.50000E+24 0 6.50000E+10 4.00000E+03 0
6.60000E+24 0 6.60000E+10 5.00000E+03 0
6.70000E+24 0 6.70000E+10 6.00000E+03 0
6.80000E+24 0 6.80000E+10 7.00000E+03 0
6.90000E+24 0 6.90000E+10 8.00000E+03 0
7.00000E+24 0 7.00000E+10 9.00000E+03 0
7.10000E+24 0 7.10000E+10 0.00000E+00 0
7.20000E+24 0 7.20000E+10 1.00000E+03 0
7.30000E+24 0 7.30000E+10 2.00000E+03 0
7.40000E+24 0 7.40000E+10 3.00000E+03 0
7.50000E+24 0 7.50000E+10 4.00000E+03 0
7.60000E+24 0 7.60000E+10 5.00000E+03 0
7.70000E+24 0 7.70000E+10 6.00000E+03 0
7.80000E+24 0 7.80000E+10 7.00000E+03 0
7.90000E+24 0 7.90000E+10 8.00000E+03 0
8.00000E+24 0 8.00000E+10 9.00000E+03 0
8.10000E+24 0 8.10000E+10 0.00000E+00 0
8.20000E+24 0 8.20000E+10 1.00000E+03 0
8.30000E+24 0 8.30000E+10 2.00000E+03 0
8.40000E+24 0 8.40000E+10 3.00000E+03 0
8.50000E+24 0 8.50000E+10 4.00000E+03 0
8.60000E+24 0 8.60000E+10 5.00000E+03 0
8.70000E+24 0 8.70000E+10 6.00000E+03 0
8.80000E+24 0 8.80000E+10 7.00000E+03 0
8.90000E+24 0 8.90000E+10 8.00000E+03 0
9.00000E+24 0 9.00000E+10 9.00000E+03 0
9.10000E+24 0 9.10000E+10 0.00000E+00 0
9.20000E+24 0 9.20000E+10 1.00000E+03 0
9.30000E+24 0 9.30000E+10 2.00000E+03 0
9.40000E+24 0 9.40000E+10 3.00000E+03 0
9.50000E+24 0 9.50000E+10 4.00000E+03 0
9.60000E+24 0 9.60000E+10 5.00000E+03 0
9.70000E+24 0 9.70000E+10 6.00000E+03 0
9.80000E+24 0 9.80000E+10 7.00000E+03 0
9.90000E+24 0 9.90000E+10 8.00000E+03 0
1.00000E+25 0 1.00000E+11 9.00000E+03 0
1.01000E+25 0 1.01000E+11 0.00000E+00 0
1.02000E+25 0 1.02000E+11 1.00000E+03 0
1.03000E+25 0 1.03000E+11 2.00000E+03 0
1.04000E+25 0 1.04000E+11 3.00000E+03 0
1.05000E+25 0 1.05000E+11 4.00000E+03 0
1.06000E+25 0 1.06000E+11 5.00000E+03 0
1.07000E+25 0 1.07000E+11 6.00000E+03 0
1.08000E+25 0 1.08000E+11 7.00000E+03 0
1.09000E+25 0 1.09000E+11 8.00000E+03 0
1.10000E+25 0 1.10000E+11 9.00000E+03 0
1.11000E+25 0 1.11000E+11 0.00000E+00 0
1.12000E+25 0 1.12000E+11 1.00000E+03 0
1.13000E+25 0 1.13000E+11 2.00000E+03 0
1.14000E+25 0 1.14000E+11 3.00000E+03 0
1.15000E+25 0 1.15000E+11 4.00000E+03 0
1.16000E+25 0 1.16000E+11 5.00000E+03 0
1.17000E+25 0 1.17000E+11 6.00000E+03 0
1.18000E+25 0 1.18000E+11 7.00000E+03 0
1.19000E+25 0 1.19000E+11 8.00000E+03 0
1.20000E+25 0 1.20000E+11 9.00000E+03 0
1.21000E+25 0 1.21000E+11 0.00000E+00 0
1.22000E+25 0 1.22000E+11 1.00000E+03 0
1.23000E+25 0 1.23000E+11 2.00000E+03 0
1.24000E+25 0 1.24000E+11 3.00000E+03 0
1.25000E+25 0 1.25000E+11 4.00000E+03 0
1.26000E+25 0 1.26000E+11 5.00000E+03 0
1.27000E+25 0 1.27000E+11 6.00000E+03 0
1.28000E+25 0 1.28000E+11 7.00000E+03 0
1.29000E+25 0 1.29000E+11 8.00000E+03 0
1.30000E+25 0 1.30000E+11 9.00000E+03 0
1.31000E+25 0 1.31000E+11 0.00000E+00 0
1.32000E+25 0 1.32000E+11 1.00000E+03 0
1.33000E+25 0 1.33000E+11 2.00000E+03 0
1.34000E+25 0 1.34000E+11 3.00000E+03 0
1.35000E+25 0 1.35000E+11 4.00000E+03 0
1.36000E+25 0 1.36000E+11 5.00000E+03 0
1.37000E+25 0 1.37000E+11 6.00000E+03 0
1.38000E+25 0 1.38000E+11 7.00000E+03 0
1.39000E+25 0 1.39000E+11 8.00000E+03 0
1.40000E+25 0 1.40000E+11 9.00000E+03 0
1.41000E+25 0 1.41000E+11 0.00000E+00 0
1.42000E+25 0 1.42000E+11 1.00000E+03 0
1.43000E+25 0 1.43000E+11 2.00000E+03 0
1.44000E+25 0 1.44000E+11 3.00000E+03 0
1.45000E+25 0 1.45000E+11 4.00000E+03 0
1.46000E+25 0 1.46000E+11 5.00000E+03 0
1.47000E+25 0 1.47000E+11 6.00000E+03 0
1.48000E+25 0 1.48000E+11 7.00000E+03 0
1.49000E+25 0 1.49000E+11 8.00000E+03 0
1.50000E+25 0 1.50000E+11 9.00000E+03 0
1.51000E+25 0 1.51000E+11 0.00000E+00 0
1.52000E+25 0 1.52000E+11 1.00000E+03 0
1.53000E+25 0 1.53000E+11 2.00000E+03 0
1.54000E+25 0 1.54000E+11 3.00000E+03 0
1.55000E+25 0 1.55000E+11 4.00000E+03 0
1.56000E+25 0 1.56000E+11 5.00000E+03 0
1.57000E+25 0 1.57000E+11 6.00000E+03 0
1.58000E+25 0 1.58000E+11 7.00000E+03 0
1.59000E+25 0 1.59000E+11 8.00000E+03 0
1.60000E+25 0 1.60000E+11 9.00000E+03 0
1.61000E+25 0 1.61000E+11 0.00000E+00 0
1.62000E+25 0 1.62000E+11 1.00000E+03 0
1.63000E+25 0 1.63000E+11 2.00000E+03 0
1.64000E+25 0 1.64000E+11 3.00000E+03 0
1.65000E+25 0 1.65000E+11 4.00000E+03 0
1.66000E+25 0 1.66000E+11 5.00000E+03 0
1.67000E+25 0 1.67000E+11 6.00000E+03 0
1.68000E+25 0 1.68000E+11 7.00000E+03 0
1.69000E+25 0 1.69000E+11 8.00000E+03 0
1.70000E+25 0 1.70000E+11 9.00000E+03 0
1.71000E+25 0 1.71000E+11 0.00000E+00 0
1.72000E+25 0 1.72000E+11 1.00000E+03 0
1.73000E+25 0 1.73000E+11 2.00000E+03 0
1.74000E+25 0 1.74000E+11 3.00000E+03 0
1.75000E+25 0 1.75000E+11 4.00000E+03 0
1.76000E+25 0 1.76000E+11 5.00000E+03 0
1.77000E+25 0 1.77000E+11 6.00000E+03 0
1.78000E+25 0 1.78000E+11 7.00000E+03 0
1.79000E+25 0 1.79000E+11 8.00000E+03 0
1.80000E+25 0 1.80000E+11 9.00000E+03 0
1.81000E+25 0 1.81000E+11 0.00000E+00 0
1.82000E+25 0 1.82000E+11 1.00000E+03 0
1.83000E+25 0 1.83000E+11 2.00000E+03 0
1.84000E+25 0 1.84000E+11 3.00000E+03 0
1.85000E+25 0 1.85000E+11 4.00000E+03 0
1.86000E+25 0 1.86000E+11 5.00000E+03 0
1.87000E+25 0 1.87000E+11 6.00000E+03 0
1.88000E+25 0 1.88000E+11 7.00000E+03 0
1.89000E+25 0 1.89000E+11 8.00000E+03 0
1.90000E+25 0 1.90000E+11 9.00000E+03 0
1.91000E+25 0 1.91000E+11 0.00000E+00 0
1.92000E+25 0 1.92000E+11 1.00000E+03 0
1.93000E+25 0 1.93000E+11 2.00000E+03 0
1.94000E+25 0 1.94000E+11 3.00000E+03 0
1.95000E+25 0 1.95000E+11 4.00000E+03 0
1.96000E+25 0 1.96000E+11 5.00000E+03 0
1.97000E+25 0 1.97000E+11 6.00000E+03 0
1.98000E+25 0 1.98000E+11 7.00000E+03 0
1.99000E+25 0 1.99000E+11 8.00000E+03 0
2.00000E+25 0 2.00000E+11 9.00000E+03 0
2.01000E+25 0 2.01000E+11 0.00000E+00 0
2.02000E+25 0 2.02000E+11 1.00000E+03 0
2.03000E+25 0 2.03000E+11 2.00000E+03 0
2.04000E+25 0 2.04000E+11 3.00000E+03 0
2.05000E+25 0 2.05000E+11 4.00000E+03 0
2.06000E+25 0 2.06000E+11 5.00000E+03 0
2.07000E+25 0 2.07000E+11 6.00000E+03 0
2.08000E+25 0 2.08000E+11 7.00000E+03 0
2.09000E+25 0 2.09000E+11 8.00000E+03 0
2.10000E+25 0 2.10000E+11 9.00000E+03 0
2.11000E+25 0 2.11000E+11 0.00000E+00 0
2.12000E+25 0 2.12000E+11 1.00000E+03 0
2.13000E+25 0 2.13000E+11 2.00000E+03 0
2.14000E+25 0 2.14000E+11 3.00000E+03 0
2.15000E+25 0 2.15000E+11 4.00000E+03 0
2.16000E+25 0 2.16000E+11 5.00000E+03 0
2.17000E+25 0 2.17000E+11 6.00000E+03 0
2.18000E+25 0 2.18000E+11 7.00000E+03 0
2.19000E+25 0 2.19000E+11 8.00000E+03 0
2.20000E+25 0 2.20000E+11 9.00000E+03 0
2.21000E+25 0 2.21000E+11 0.00000E+00 0
2.22000E+25 0 2.22000E+11 1.00000E+03 0
2.23000E+25 0 2.23000E+11 2.00000E+03 0
2.24000E+25 0 2.24000E+11 3.00000E+03 0
2.25000E+25 0 2.25000E+11 4.00000E+03 0
2.26000E+25 0 2.26000E+11 5.00000E+03 0
2.27000E+25 0 2.27000E+11 6.00000E+03 0
2.28000E+25 0 2.28000E+11 7.00000E+03 0
2.29000E+25 0 2.29000E+11 8.00000E+03 0
2.30000E+25 0 2.30000E+11 9.00000E+03 0
2.31000E+25 0 2.31000E+11 0.00000E+00 0
2.32000E+25 0 2.32000E+11 1.00000E+03 0
2.33000E+25 0 2.33000E+11 2.00000E+03 0
2.34000E+25 0 2.34000E+11 3.00000E+03 0
2.35000E+25 0 2.35000E+11 4.00000E+03 0
2.36000E+25 0 2.36000E+11 5.00000E+03 0
2.37000E+25 0 2.37000E+11 6.00000E+03 0
2.38000E+25 0 2.38000E+11 7.00000E+03 0
2.39000E+25 0 2.39000E+11 8.00000E+03 0
2.40000E+25 0 2.40000E+11 9.00000E+03 0
2.41000E+25 0 2.41000E+11 0.00000E+00 0
2.42000E+25 0 2.42000E+11 1.00000E+03 0
2.43000E+25 0 2.43000E+11 2.00000E+03 0
2.44000E+25 0 2.44000E+11 3.00000E+03 0
2.45000E+25 0 2.45000E+11 4.00000E+03 0
2.46000E+25 0 2.46000E+11 5.00000E+03 0
2.47000E+25 0 2.47000E+11 6.00000E+03 0
2.48000E+25 0 2.48000E+11 7.00000E+03 0
2.49000E+25 0 2.49000E+11 8.00000E+03 0
2.50000E+25 0 2.50000E+11 9.00000E+03 0
2.51000E+25 0 2.51000E+11 0.00000E+00 0
2.52000E+25 0 2.52000E+11 1.00000E+03 0
2.53000E+25 0 2.53000E+11 2.00000E+03 0
2.54000E+25 0 2.54000E+11 3.00000E+03 0
2.55000E+25 0 2.55000E+11 4.00000E+03 0
2.56000E+25 0 2.56000E+11 5.00000E+03 0
2.57000E+25 0 2.57000E+11 6.00000E+03 0
2.58000E+25 0 2.58000E+11 7.00000E+03 0
2.59000E+25 0 2.59000E+11 8.00000E+03 0
2.60000E+25 0 2.60000E+11 9.00000E+03 0
2.61000E+25 0 2.61000E+11 0.00000E+00 0
2.62000E+25 0 2.62000E+11 1.00000E+03 0
2.63000E+25 0 2.63000E+11 2.00000E+03 0
2.64000E+25 0 2.64000E+11 3.00000E+03 0
2.65000E+25 0 2.65000E+11 4.00000E+03 0
2.66000E+25 0 2.66000E+11 5.00000E+03 0
2.67000E+25 0 2.67000E+11 6.00000E+03 0
2.68000E+25 0 2.68000E+11 7.00000E+03 0
2.69000E+25 0 2.69000E+11 8.00000E+03 0
2.70000E+25 0 2.70000E+11 9.00000E+03 0
2.71000E+25 0 2.71000E+11 0.00000E+00 0
2.72000E+25 0 2.72000E+11 1.00000E+03 0
2.73000E+25 0 2.73000E+11 2.00000E+03 0
2.74000E+25 0 2.74000E+11 3.00000E+03 0
2.75000E+25 0 2.75000E+11 4.00000E+03 0
2.76000E+25 0 2.76000E+11 5.00000E+03 0
2.77000E+25 0 2.77000E+11 6.00000E+03 0
2.78000E+25 0 2.78000E+11 7.00000E+03 0
2.79000E+25 0 2.79000E+11 8.00000E+03 0
2.80000E+25 0 2.80000E+11 9.00000E+03 0
2.81000E+25 0 2.81000E+11 0.00000E+00 0
2.82000E+25 0 2.82000E+11 1.00000E+03 0
2.83000E+25 0 2.83000E+11 2.00000E+03 0
2.84000E+25 0 2.84000E+11 3.00000E+03 0
2.85000E+25 0 2.85000E+11 4.00000E+03 0
2.86000E+25 0 2.86000E+11 5.00000E+03 0
2.87000E+25 0 2.87000E+11 6.00000E+03 0
2.88000E+25 0 2.88000E+11 7.00000E+03 0
2.89000E+25 0 2.89000E+11 8.00000E+03 0
2.90000E+25 0 2.90000E+11 9.00000E+03 0
2.91000E+25 0 2.91000E+11 0.00000E+00 0
2.92000E+25 0 2.92000E+11 1.00000E+03 0
2.93000E+25 0 2.93000E+11 2.00000E+03 0
2.94000E+25 0 2.94000E+11 3.00000E+03 0
2.95000E+25 0 2.95000E+11 4.00000E+03 0
2.96000E+25 0 2.96000E+11 5.00000E+03 0
2.97000E+25 0 2.97000E+11 6.00000E+03 0
2.98000E+25 0 2.98000E+11 7.00000E+03 0
2.99000E+25 0 2.99000E+11 8.00000E+03 0
3.00000E+25 0 3.00000E+11 9.00000E+03 0
3.01000E+25 0 3.01000E+11 0.00000E+00 0
3.02000E+25 0 3.02000E+11 1.00000E+03 0
3.03000E+25 0 3.03000E+11 2.00000E+03 0
3.04000E+25 0 3.04000E+11 3.00000E+03 0
3.05000E+25 0 3.05000E+11 4.00000E+03 0
3.06000E+25 0 3.06000E+11 5.00000E+03 0
3.07000E+25 0 3.07000E+11 6.00000E+03 0
3.08000E+25 0 3.08000E+11 7.00000E+03 0
3.09000E+25 0 3.09000E+11 8.00000E+03 0
3.10000E+25 0 3.10000E+11 9.00000E+03 0
3.11000E+25 0 3.11000E+11 0.00000E+00 0
3.12000E+25 0 3.12000E+11 1.00000E+03 0
3.13000E+25 0 3.13000E+11 2.00000E+03 0
3.14000E+25 0 3.14000E+11 3.00000E+03 0
3.15000E+25 0 3.15000E+11 4.00000E+03 0
3.16000E+25 0 3.16000E+11 5.00000E+03 0
3.17000E+25 0 3.17000E+11 6.00000E+03 0
3.18000E+25 0 3.18000E+11 7.00000E+03 0
3.19000E+25 0 3.19000E+11 8.00000E+03 0
3.20000E+25 0 3.20000E+11 9.00000E+03 0
3.21000E+25 0 3.21000E+11 0.00000E+00 0
3.22000E+25 0 3.22000E+11 1.00000E+03 0
3.23000E+25 0 3.23000E+11 2.00000E+03 0
3.24000E+25 0 3.24000E+11 3.00000E+03 0
3.25000E+25 0 3.25000E+11 4.00000E+03 0
3.26000E+25 0 3.26000E+11 5.00000E+03 0
3.27000E+25 0 3.27000E+11 6.00000E+03 0
3.28000E+25 0 3.28000E+11 7.00000E+03 0
3.29000E+25 0 3.29000E+11 8.00000E+03 0
3.30000E+25 0 3.30000E+11 9.00000E+03 0
3.31000E+25 0 3.31000E+11 0.00000E+00 0
3.32000E+25 0 3.32000E+11 1.00000E+03 0
3.33000E+25 0 3.33000E+11 2.00000E+03 0
3.34000E+25 0 3.34000E+11 3.00000E+03 0
3.35000E+25 0 3.35000E+11 4.00000E+03 0
3.36000E+25 0 3.36000E+11 5.00000E+03 0
3.37000E+25 0 3.37000E+11 6.00000E+03 0
3.38000E+25 0 3.38000E+11 7.00000E+03 0
3.39000E+25 0 3.39000E+11 8.00000E+03 0
3.40000E+25 0 3.40000E+11 9.00000E+03 0
3.41000E+25 0 3.41000E+11 0.00000E+00 0
3.42000E+25 0 3.42000E+11 1.00000E+03 0
3.43000E+25 0 3.43000E+11 2.00000E+03 0
3.44000E+25 0 3.44000E+11 3.00000E+03 0
3.45000E+25 0 3.45000E+11 4.00000E+03 0
3.46000E+25 0 3.46000E+11 5.00000E+03 0
3.47000E+25 0 3.47000E+11 6.00000E+03 0
3.48000E+25 0 3.48000E+11 7.00000E+03 0
3.49000E+25 0 3.49000E+11 8.00000E+03 0
3.50000E+25 0 3.50000E+11 9.00000E+03 0
3.51000E+25 0 3.51000E+11 0.00000E+00 0
3.52000E+25 0 3.52000E+11 1.00000E+03 0
3.53000E+25 0 3.53000E+11 2.00000E+03 0
3.54000E+25 0 3.54000E+11 3.00000E+03 0
3.55000E+25 0 3.55000E+11 4.00000E+03 0
3.56000E+25 0 3.56000E+11 5.00000E+03 0
3.57000E+25 0 3.57000E+11 6.00000E+03 0
3.58000E+25 0 3.58000E+11 7.00000E+03 0
3.59000E+25 0 3.59000E+11 8.00000E+03 0
3.60000E+25 0 3.60000E+11 9.00000E+03 0
3.61000E+25 0 3.61000E+11 0.00000E+00 0
3.62000E+25 0 3.62000E+11 1.00000E+03 0
3.63000E+25 0 3.63000E+11 2.00000E+03 0
3.64000E+25 0 3.64000E+11 3.00000E+03 0
3.65000E+25 0 3.65000E+11 4.00000E+03 0
3.66000E+25 0 3.66000E+11 5.00000E+03 0
3.67000E+25 0 3.67000E+11 6.00000E+03 0
3.68000E+25 0 3.68000E+11 7.00000E+03 0
3.69000E+25 0 3.69000E+11 8.00000E+03 0
3.70000E+25 0 3.70000E+11 9.00000E+03 0
3.71000E+25 0 3.71000E+11 0.00000E+00 0
3.72000E+25 0 3.72000E+11 1.00000E+03 0
3.73000E+25 0 3.73000E+11 2.00000E+03 0
3.74000E+25 0 3.74000E+11 3.00000E+03 0
3.75000E+25 0 3.75000E+11 4.00000E+03 0
3.76000E+25 0 3.76000E+11 5.00000E+03 0
3.77000E+25 0 3.77000E+11 6.00000E+03 0
3.78000E+25 0 3.78000E+11 7.00000E+03 0
3.79000E+25 0 3.79000E+11 8.00000E+03 0
3.80000E+25 0 3.80000E+11 9.00000E+03 0
3.81000E+25 0 3.81000E+11 0.00000E+00 0
3.82000E+25 0 3.82000E+11 1.00000E+03 0
3.83000E+25 0 3.83000E+11 2.00000E+03 0
3.84000E+25 0 3.84000E+11 3.00000E+03 0
3.85000E+25 0 3.85000E+11 4.00000E+03 0
3.86000E+25 0 3.86000E+11 5.00000E+03 0
3.87000E+25 0 3.87000E+11 6.00000E+03 0
3.88000E+25 0 3.88000E+11 7.00000E+03 0
3.89000E+25 0 3.89000E+11 8.00000E+03 0
3.90000E+25 0 3.90000E+11 9.00000E+03 0
3.91000E+25 0 3.91000E+11 0.00000E+00 0
3.92000E+25 0 3.92000E+11 1.00000E+03 0
3.93000E+25 0 3.93000E+11 2.00000E+03 0
3.94000E+25 0 3.94000E+11 3.00000E+03 0
3.95000E+25 0 3.95000E+11 4.00000E+03 0
3.96000E+25 0 3.96000E+11 5.00000E+03 0
3.97000E+25 0 3.97000E+11 6.00000E+03 0
3.98000E+25 0 3.98000E+11 7.00000E+03 0
3.99000E+25 0 3.99000E+11 8.00000E+03 0
4.00000E+25 0 4.00000E+11 9.00000E+03 0
4.01000E+25 0 4.01000E+11 0.00000E+00 0
4.02000E+25 0 4.02000E+11 1.00000E+03 0
4.03000E+25 0 4.03000E+11 2.00000E+03 0
4.04000E+25 0 4.04000E+11 3.00000E+03 0
4.05000E+25 0 4.05000E+11 4.00000E+03 0
4.06000E+25 0 4.06000E+11 5.00000E+03 0
4.07000E+25 0 4.07000E+11 6.00000E+03 0
4.08000E+25 0 4.08000E+11 7.00000E+03 0
4.09000E+25 0 4.09000E+11 8.00000E+03 0
4.10000E+25 0 4.10000E+11 9.00000E+03 0
4.11000E+25 0 4.11000E+11 0.00000E+00 0
4.12000E+25 0 4.12000E+11 1.00000E+03 0
4.13000E+25 0 4.13000E+11 2.00000E+03 0
4.14000E+25 0 4.14000E+11 3.00000E+03 0
4.15000E+25 0 4.15000E+11 4.00000E+03 0
4.16000E+25 0 4.16000E+11 5.00000E+03 0
4.17000E+25 0 4.17000E+11 6.00000E+03 0
4.18000E+25 0 4.18000E+11 7.00000E+03 0
4.19000E+25 0 4.19000E+11 8.00000E+03 0
4.20000E+25 0 4.20000E+11 9.00000E+03 0
4.21000E+25 0 4.21000E+11 0.00000E+00 0
4.22000E+25 0 4.22000E+11 1.00000E+03 0
4.23000E+25 0 4.23000E+11 2.00000E+03 0
4.24000E+25 0 4.24000E+11 3.00000E+03 0
4.25000E+25 0 4.25000E+11 4.00000E+03 0
4.26000E+25 0 4.26000E+11 5.00000E+03 0
4.27000E+25 0 4.27000E+11 6.00000E+03 0
4.28000E+25 0 4.28000E+11 7.00000E+03 0
4.29000E+25 0 4.29000E+11 8.00000E+03 0
4.30000E+25 0 4.30000E+11 9.00000E+03 0
4.31000E+25 0 4.31000E+11 0.00000E+00 0
4.32000E+25 0 4.32000E+11 1.00000E+03 0
4.33000E+25 0 4.33000E+11 2.00000E+03 0
4.34000E+25 0 4.34000E+11 3.00000E+03 0
4.35000E+25 0 4.35000E+11 4.00000E+03 0
4.36000E+25 0 4.36000E+11 5.00000E+03 0
4.37000E+25 0 4.37000E+11 6.00000E+03 0
4.38000E+25 0 4.38000E+11 7.00000E+03 0
4.39000E+25 0 4.39000E+11 8.00000E+03 0
4.40000E+25 0 4.40000E+11 9.00000E+03 0
4.41000E+25 0 4.41000E+11 0.00000E+00 0
4.42000E+25 0 4.42000E+11 1.00000E+03 0
4.43000E+25 0 4.43000E+11 2.00000E+03 0
4.44000E+25 0 4.44000E+11 3.00000E+03 0
4.45000E+25 0 4.45000E+11 4.00000E+03 0
4.46000E+25 0 4.46000E+11 5.00000E+03 0
4.47000E+25 0 4.47000E+11 6.00000E+03 0
4.48000E+25 0 4.48000E+11 7.00000E+03 0
4.49000E+25 0 4.49000E+11 8.00000E+03 0
4.50000E+25 0 4.50000E+11 9.00000E+03 0
4.51000E+25 0 4.51000E+11 0.00000E+00 0
4.52000E+25 0 4.52000E+11 1.00000E+03 0
4.53000E+25 0 4.53000E+11 2.00000E+03 0
4.54000E+25 0 4.54000E+11 3.00000E+03 0
4.55000E+25 0 4.55000E+11 4.00000E+03 0
4.56000E+25 0 4.56000E+11 5.00000E+03 0
4.57000E+25 0 4.57000E+11 6.00000E+03 0
4.58000E+25 0 4.58000E+11 7.00000E+03 0
4.59000E+25 0 4.59000E+11 8.00000E+03 0
4.60000E+25 0 4.60000E+11 9.00000E+03 0
4.61000E+25 0 4.61000E+11 0.00000E+00 0
4.62000E+25 0 4.62000E+11 1.00000E+03 0
4.63000E+25 0 4.63000E+11 2.00000E+03 0
4.64000E+25 0 4.64000E+11 3.00000E+03 0
4.65000E+25 0 4.65000E+11 4.00000E+03 0
4.66000E+25 0 4.66000E+11 5.00000E+03 0
4.67000E+25 0 4.67000E+11 6.00000E+03 0
4.68000E+25 0 4.68000E+11 7.00000E+03 0
4.69000E+25 0 4.69000E+11 8.00000E+03 0
4.70000E+25 0 4.70000E+11 9.00000E+03 0
4.71000E+25 0 4.71000E+11 0.00000E+00 0
4.72000E+25 0 4.72000E+11 1.00000E+03 0
4.73000E+25 0 4.73000E+11 2.00000E+03 0
4.74000E+25 0 4.74000E+11 3.00000E+03 0
4.75000E+25 0 4.75000E+11 4.00000E+03 0
4.76000E+25 0 4.76000E+11 5.00000E+03 0
4.77000E+25 0 4.77000E+11 6.00000E+03 0
4.78000E+25 0 4.78000E+11 7.00000E+03 0
4.79000E+25 0 4.79000E+11 8.00000E+03 0
4.80000E+25 0 4.80000E+11 9.00000E+03 0
4.81000E+25 0 4.81000E+11 0.00000E+00 0
4.82000E+25 0 4.82000E+11 1.00000E+03 0
4.83000E+25 0 4.83000E+11 2.00000E+03 0
4.84000E+25 0 4.84000E+11 3.00000E+03 0
4.85000E+25 0 4.85000E+11 4.00000E+03 0
4.86000E+25 0 4.86000E+11 5.00000E+03 0
4.87000E+25 0 4.87000E+11 6.00000E+03 0
4.88000E+25 0 4.88000E+11 7.00000E+03 0
4.89000E+25 0 4.89000E+11 8.00000E+03 0
4.90000E+25 0 4.90000E+11 9.00000E+03 0
4.91000E+25 0 4.91000E+11 0.00000E+00 0
4.92000E+25 0 4.92000E+11 1.00000E+03 0
4.93000E+25 0 4.93000E+11 2.00000E+03 0
4.94000E+25 0 4.94000E+11 3.00000E+03 0
4.95000E+25 0 4.95000E+11 4.00000E+03 0
4.96000E+25 0 4.96000E+11 5.00000E+03 0
4.97000E+25 0 4.97000E+11 6.00000E+03 0
4.98000E+25 0 4.98000E+11 7.00000E+03 0
4.99000E+25 0 4.99000E+11 8.00000E+03 0
5.00000E+25 0 5.00000E+11 9.00000E+03 0
5.01000E+25 0 5.01000E+11 0.00000E+00 0
5.02000E+25 0 5.02000E+11 1.00000E+03 0
5.03000E+25 0 5.03000E+11 2.00000E+03 0
5.04000E+25 0 5.04000E+11 3.00000E+03 0
5.05000E+25 0 5.05000E+11 4.00000E+03 0
5.06000E+25 0 5.06000E+11 5.00000E+03 0
5.07000E+25 0 5.07000E+11 6.00000E+03 0
5.08000E+25 0 5.08000E+11 7.00000E+03 0
5.09000E+25 0 5.09000E+11 8.00000E+03 0
5.10000E+25 0 5.10000E+11 9.00000E+03 0
5.11000E+25 0 5.11000E+11 0.00000E+00 0
5.12000E+25 0 5.12000E+11 1.00000E+03 0
5.13000E+25 0 5.13000E+11 2.00000E+03 0
5.14000E+25 0 5.14000E+11 3.00000E+03 0
5.15000E+25 0 5.15000E+11 4.00000E+03 0
5.16000E+25 0 5.16000E+11 5.00000E+03 0
5.17000E+25 0 5.17000E+11 6.00000E+03 0
5.18000E+25 0 5.18000E+11 7.00000E+03 0
5.19000E+25 0 5.19000E+11 8.00000E+03 0
5.20000E+25 0 5.20000E+11 9.00000E+03 0
5.21000E+25 0 5.21000E+11 0.00000E+00 0
5.22000E+25 0 5.22000E+11 1.00000E+03 0
5.23000E+25 0 5.23000E+11 2.00000E+03 0
5.24000E+25 0 5.24000E+11 3.00000E+03 0
5.25000E+25 0 5.25000E+11 4.00000E+03 0
5.26000E+25 0 5.26000E+11 5.00000E+03 0
5.27000E+25 0 5.27000E+11 6.00000E+03 0
5.28000E+25 0 5.28000E+11 7.00000E+03 0
5.29000E+25 0 5.29000E+11 8.00000E+03 0
5.30000E+25 0 5.30000E+11 9.00000E+03 0
5.31000E+25 0 5.31000E+11 0.00000E+00 0
5.32000E+25 0 5.32000E+11 1.00000E+03 0
5.33000E+25 0 5.33000E+11 2.00000E+03 0
5.34000E+25 0 5.34000E+11 3.00000E+03 0
5.35000E+25 0 5.35000E+11 4.00000E+03 0
5.36000E+25 0 5.36000E+11 5.00000E+03 0
5.37000E+25 0 5.37000E+11 6.00000E+03 0
5.38000E+25 0 5.38000E+11 7.00000E+03 0
5.39000E+25 0 5.39000E+11 8.00000E+03 0
5.40000E+25 0 5.40000E+11 9.00000E+03 0
5.41000E+25 0 5.41000E+11 0.00000E+00 0
5.42000E+25 0 5.42000E+11 1.00000E+03 0
5.43000E+25 0 5.43000E+11 2.00000E+03 0
5.44000E+25 0 5.44000E+11 3.00000E+03 0
5.45000E+25 0 5.45000E+11 4.00000E+03 0
5.46000E+25 0 5.46000E+11 5.00000E+03 0
5.47000E+25 0 5.47000E+11 6.00000E+03 0
5.48000E+25 0 5.48000E+11 7.00000E+03 0
5.49000E+25 0 5.49000E+11 8.00000E+03 0
5.50000E+25 0 5.50000E+11 9.00000E+03 0
5.51000E+25 0 5.51000E+11 0.00000E+00 0
5.52000E+25 0 5.52000E+11 1.00000E+03 0
5.53000E+25 0 5.53000E+11 2.00000E+03 0
5.54000E+25 0 5.54000E+11 3.00000E+03 0
5.55000E+25 0 5.55000E+11 4.00000E+03 0
5.56000E+25 0 5.56000E+11 5.00000E+03 0
5.57000E+25 0 5.57000E+11 6.00000E+03 0
5.58000E+25 0 5.58000E+11 7.00000E+03 0
5.59000E+25 0 5.59000E+11 8.00000E+03 0
5.60000E+25 0 5.60000E+11 9.00000E+03 0
5.61000E+25 0 5.61000E+11 0.00000E+00 0
5.62000E+25 0 5.62000E+11 1.00000E+03 0
5.63000E+25 0 5.63000E+11 2.00000E+03 0
5.64000E+25 0 5.64000E+11 3.00000E+03 0
5.65000E+25 0 5.65000E+11 4.00000E+03 0
5.66000E+25 0 5.66000E+11 5.00000E+03 0
5.67000E+25 0 5.67000E+11 6.00000E+03 0
5.68000E+25 0 5.68000E+11 7.00000E+03 0
5.69000E+25 0 5.69000E+11 8.00000E+03 0
5.70000E+25 0 5.70000E+11 9.00000E+03 0
5.71000E+25 0 5.71000E+11 0.00000E+00 0
5.72000E+25 0 5.72000E+11 1.00000E+03 0
5.73000E+25 0 5.73000E+11 2.00000E+03 0
5.74000E+25 0 5.74000E+11 3.00000E+03 0
5.75000E+25 0 5.75000E+11 4.00000E+03 0
5.76000E+25 0 5.76000E+11 5.00000E+03 0
5.77000E+25 0 5.77000E+11 6.00000E+03 0
5.78000E+25 0 5.78000E+11 7.00000E+03 0
5.79000E+25 0 5.79000E+11 8.00000E+03 0
5.80000E+25 0 5.80000E+11 9.00000E+03 0
5.81000E+25 0 5.81000E+11 0.00000E+00 0
5.82000E+25 0 5.82000E+11 1.00000E+03 0
5.83000E+25 0 5.83000E+11 2.00000E+03 0
5.84000E+25 0 5.84000E+11 3.00000E+03 0
5.85000E+25 0 5.85000E+11 4.00000E+03 0
5.86000E+25 0 5.86000E+11 5.00000E+03 0
5.87000E+25 0 5.87000E+11 6.00000E+03 0
5.88000E+25 0 5.88000E+11 7.00000E+03 0
5.89000E+25 0 5.89000E+11 8.00000E+03 0
5.90000E+25 0 5.90000E+11 9.00000E+03 0
5.91000E+25 0 5.91000E+11 0.00000E+00 0
5.92000E+25 0 5.92000E+11 1.00000E+03 0
5.93000E+25 0 5.93000E+11 2.00000E+03 0
5.94000E+25 0 5.94000E+11 3.00000E+03 0
5.95000E+25 0 5.95000E+11 4.00000E+03 0
5.96000E+25 0 5.96000E+11 5.00000E+03 0
5.97000E+25 0 5.97000E+11 6.00000E+03 0
5.98000E+25 0 5.98000E+11 7.00000E+03 0
5.99000E+25 0 5.99000E+11 8.00000E+03 0
6.00000E+25 0 6.00000E+11 9.00000E+03 0
6.01000E+25 0 6.01000E+11 0.00000E+00 0
6.02000E+25 0 6.02000E+11 1.00000E+03 0
6.03000E+25 0 6.03000E+11 2.00000E+03 0
6.04000E+25 0 6.04000E+11 3.00000E+03 0
6.05000E+25 0 6.05000E+11 4.00000E+03 0
6.06000E+25 0 6.06000E+11 5.00000E+03 0
6.07000E+25 0 6.07000E+11 6.00000E+03 0
6.08000E+25 0 6.08000E+11 7.00000E+03 0
6.09000E+25 0 6.09000E+11 8.00000E+03 0
6.10000E+25 0 6.10000E+11 9.00000E+03 0
6.11000E+25 0 6.11000E+11 0.00000E+00 0
6.12000E+25 0 6.12000E+11 1.00000E+03 0
6.13000E+25 0 6.13000E+11 2.00000E+03 0
6.14000E+25 0 6.14000E+11 3.00000E+03 0
6.15000E+25 0 6.15000E+11 4.00000E+03 0
6.16000E+25 0 6.16000E+11 5.00000E+03 0
6.17000E+25 0 6.17000E+11 6.00000E+03 0
6.18000E+25 0 6.18000E+11 7.00000E+03 0
6.19000E+25 0 6.19000E+11 8.00000E+03 0
6.20000E+25 0 6.20000E+11 9.00000E+03 0
6.21000E+25 0 6.21000E+11 0.00000E+00 0
6.22000E+25 0 6.22000E+11 1.00000E+03 0
6.23000E+25 0 6.23000E+11 2.00000E+03 0
6.24000E+25 0 6.24000E+11 3.00000E+03 0
6.25000E+25 0 6.25000E+11 4.00000E+03 0
6.26000E+25 0 6.26000E+11 5.00000E+03 0
6.27000E+25 0 6.27000E+11 6.00000E+03 0
6.28000E+25 0 6.28000E+11 7.00000E+03 0
6.29000E+25 0 6.29000E+11 8.00000E+03 0
6.30000E+25 0 6.30000E+11 9.00000E+03 0
6.31000E+25 0 6.31000E+11 0.00000E+00 0
6.32000E+25 0 6.32000E+11 1.00000E+03 0
6.33000E+25 0 6.33000E+11 2.00000E+03 0
6.34000E+25 0 6.34000E+11 3.00000E+03 0
6.35000E+25 0 6.35000E+11 4.00000E+03 0
6.36000E+25 0 6.36000E+11 5.00000E+03 0
6.37000E+25 0 6.37000E+11 6.00000E+03 0
6.38000E+25 0 6.38000E+11 7.00000E+03 0
6.39000E+25 0 6.39000E+11 8.00000E+03 0
6.40000E+25 0 6.40000E+11 9.00000E+03 0
6.41000E+25 0 6.41000E+11 0.00000E+00 0
6.42000E+25 0 6.42000E+11 1.00000E+03 0
6.43000E+25 0 6.43000E+11 2.00000E+03 0
6.44000E+25 0 6.44000E+11 3.00000E+03 0
6.45000E+25 0 6.45000E+11 4.00000E+03 0
6.46000E+25 0 6.46000E+11 5.00000E+03 0
6.47000E+25 0 6.47000E+11 6.00000E+03 0
6.48000E+25 0 6.48000E+11 7.00000E+03 0
6.49000E+25 0 6.49000E+11 8.00000E+03 0
6.50000E+25 0 6.50000E+11 9.00000E+03 0
6.51000E+25 0 6.51000E+11 0.00000E+00 0
6.52000E+25 0 6.52000E+11 1.00000E+03 0
6.53000E+25 0 6.53000E+11 2.00000E+03 0
6.54000E+25 0 6.54000E+11 3.00000E+03 0
6.55000E+25 0 6.55000E+11 4.00000E+03 0
6.56000E+25 0 6.56000E+11 5.00000E+03 0
6.57000E+25 0 6.57000E+11 6.00000E+03 0
6.58000E+25 0 6.58000E+11 7.00000E+03 0
6.59000E+25 0 6.59000E+11 8.00000E+03 0
6.60000E+25 0 6.60000E+11 9.00000E+03 0
6.61000E+25 0 6.61000E+11 0.00000E+00 0
6.62000E+25 0 6.62000E+11 1.00000E+03 0
6.63000E+25 0 6.63000E+11 2.00000E+03 0
6.64000E+25 0 6.64000E+11 3.00000E+03 0
6.65000E+25 0 6.65000E+11 4.00000E+03 0
6.66000E+25 0 6.66000E+11 5.00000E+03 0
6.67000E+25 0 6.67000E+11 6.00000E+03 0
6.68000E+25 0 6.68000E+11 7.00000E+03 0
6.69000E+25 0 6.69000E+11 8.00000E+03 0
6.70000E+25 0 6.70000E+11 9.00000E+03 0
6.71000E+25 0 6.71000E+11 0.00000E+00 0
6.72000E+25 0 6.72000E+11 1.00000E+03 0
6.73000E+25 0 6.73000E+11 2.00000E+03 0
6.74000E+25 0 6.74000E+11 3.00000E+03 0
6.75000E+25 0 6.75000E+11 4.00000E+03 0
6.76000E+25 0 6.76000E+11 5.00000E+03 0
6.77000E+25 0 6.77000E+11 6.00000E+03 0
6.78000E+25 0 6.78000E+11 7.00000E+03 0
6.79000E+25 0 6.79000E+11 8.00000E+03 0
6.80000E+25 0 6.80000E+11 9.00000E+03 0
6.81000E+25 0 6.81000E+11 0.00000E+00 0
6.82000E+25 0 6.82000E+11 1.00000E+03 0
6.83000E+25 0 6.83000E+11 2.00000E+03 0
6.84000E+25 0 6.84000E+11 3.00000E+03 0
6.85000E+25 0 6.85000E+11 4.00000E+03 0
6.86000E+25 0 6.86000E+11 5.00000E+03 0
6.87000E+25 0 6.87000E+11 6.00000E+03 0
6.88000E+25 0 6.88000E+11 7.00000E+03 0
6.89000E+25 0 6.89000E+11 8.00000E+03 0
6.90000E+25 0 6.90000E+11 9.00000E+03 0
6.91000E+25 0 6.91000E+11 0.00000E+00 0
6.92000E+25 0 6.92000E+11 1.00000E+03 0
6.93000E+25 0 6.93000E+11 2.00000E+03 0
6.94000E+25 0 6.94000E+11 3.00000E+03 0
6.95000E+25 0 6.95000E+11 4.00000E+03 0
6.96000E+25 0 6.96000E+11 5.00000E+03 0
6.97000E+25 0 6.97000E+11 6.00000E+03 0
6.98000E+25 0 6.98000E+11 7.00000E+03 0
6.99000E+25 0 6.99000E+11 8.00000E+03 0
7.00000E+25 0 7.00000E+11 9.00000E+03 0
7.01000E+25 0 7.01000E+11 0.00000E+00 0
7.02000E+25 0 7.02000E+11 1.00000E+03 0
7.03000E+25 0 7.03000E+11 2.00000E+03 0
7.04000E+25 0 7.04000E+11 3.00000E+03 0
7.05000E+25 0 7.05000E+11 4.00000E+03 0
7.06000E+25 0 7.06000E+11 5.00000E+03 0
7.07000E+25 0 7.07000E+11 6.00000E+03 0
7.08000E+25 0 7.08000E+11 7.00000E+03 0
7.09000E+25 0 7.09000E+11 8.00000E+03 0
7.10000E+25 0 7.10000E+11 9.00000E+03 0
7.11000E+25 0 7.11000E+11 0.00000E+00 0
7.12000E+25 0 7.12000E+11 1.00000E+03 0
7.13000E+25 0 7.13000E+11 2.00000E+03 0
7.14000E+25 0 7.14000E+11 3.00000E+03 0
7.15000E+25 0 7.15000E+11 4.00000E+03 0
7.16000E+25 0 7.16000E+11 5.00000E+03 0
7.17000E+25 0 7.17000E+11 6.00000E+03 0
7.18000E+25 0 7.18000E+11 7.00000E+03 0
7.19000E+25 0 7.19000E+11 8.00000E+03 0
7.20000E+25 0 7.20000E+11 9.00000E+03 0
7.21000E+25 0 7.21000E+11 0.00000E+00 0
7.22000E+25 0 7.22000E+11 1.00000E+03 0
7.23000E+25 0 7.23000E+11 2.00000E+03 0
7.24000E+25 0 7.24000E+11 3.00000E+03 0
7.25000E+25 0 7.25000E+11 4.00000E+03 0
7.26000E+25 0 7.26000E+11 5.00000E+03 0
7.27000E+25 0 7.27000E+11 6.00000E+03 0
7.28000E+25 0 7.28000E+11 7.00000E+03 0
7.29000E+25 0 7.29000E+11 8.00000E+03 0
7.30000E+25 0 7.30000E+11 9.00000E+03 0
7.31000E+25 0 7.31000E+11 0.00000E+00 0
7.32000E+25 0 7.32000E+11 1.00000E+03 0
7.33000E+25 0 7.33000E+11 2.00000E+03 0
7.34000E+25 0 7.34000E+11 3.00000E+03 0
7.35000E+25 0 7.35000E+11 4.00000E+03 0
7.36000E+25 0 7.36000E+11 5.00000E+03 0
7.37000E+25 0 7.37000E+11 6.00000E+03 0
7.38000E+25 0 7.38000E+11 7.00000E+03 0
7.39000E+25 0 7.39000E+11 8.00000E+03 0
7.40000E+25 0 7.40000E+11 9.00000E+03 0
7.41000E+25 0 7.41000E+11 0.00000E+00 0
7.42000E+25 0 7.42000E+11 1.00000E+03 0
7.43000E+25 0 7.43000E+11 2.00000E+03 0
7.44000E+25 0 7.44000E+11 3.00000E+03 0
7.45000E+25 0 7.45000E+11 4.00000E+03 0
7.46000E+25 0 7.46000E+11 5.00000E+03 0
7.47000E+25 0 7.47000E+11 6.00000E+03 0
7.48000E+25 0 7.48000E+11 7.00000E+03 0
7.49000E+25 0 7.49000E+11 8.00000E+03 0
7.50000E+25 0 7.50000E+11 9.00000E+03 0
7.51000E+25 0 7.51000E+11 0.00000E+00 0
7.52000E+25 0 7.52000E+11 1.00000E+03 0
7.53000E+25 0 7.53000E+11 2.00000E+03 0
7.54000E+25 0 7.54000E+11 3.00000E+03 0
7.55000E+25 0 7.55000E+11 4.00000E+03 0
7.56000E+25 0 7.56000E+11 5.00000E+03 0
7.57000E+25 0 7.57000E+11 6.00000E+03 0
7.58000E+25 0 7.58000E+11 7.00000E+03 0
7.59000E+25 0 7.59000E+11 8.00000E+03 0
7.60000E+25 0 7.60000E+11 9.00000E+03 0
7.61000E+25 0 7.61000E+11 0.00000E+00 0
7.62000E+25 0 7.62000E+11 1.00000E+03 0
7.63000E+25 0 7.63000E+11 2.00000E+03 0
7.64000E+25 0 7.64000E+11 3.00000E+03 0
7.65000E+25 0 7.65000E+11 4.00000E+03 0
7.66000E+25 0 7.66000E+11 5.00000E+03 0
7.67000E+25 0 7.67000E+11 6.00000E+03 0
7.68000E+25 0 7.68000E+11 7.00000E+03 0
7.69000E+25 0 7.69000E+11 8.00000E+03 0
7.70000E+25 0 7.70000E+11 9.00000E+03 0
7.71000E+25 0 7.71000E+11 0.00000E+00 0
7.72000E+25 0 7.72000E+11 1.00000E+03 0
7.73000E+25 0 7.73000E+11 2.00000E+03 0
7.74000E+25 0 7.74000E+11 3.00000E+03 0
7.75000E+25 0 7.75000E+11 4.00000E+03 0
7.76000E+25 0 7.76000E+11 5.00000E+03 0
7.77000E+25 0 7.77000E+11 6.00000E+03 0
7.78000E+25 0 7.78000E+11 7.00000E+03 0
7.79000E+25 0 7.79000E+11 8.00000E+03 0
7.80000E+25 0 7.80000E+11 9.00000E+03 0
7.81000E+25 0 7.81000E+11 0.00000E+00 0
7.82000E+25 0 7.82000E+11 1.00000E+03 0
7.83000E+25 0 7.83000E+11 2.00000E+03 0
7.84000E+25 0 7.84000E+11 3.00000E+03 0
7.85000E+25 0 7.85000E+11 4.00000E+03 0
7.86000E+25 0 7.86000E+11 5.00000E+03 0
7.87000E+25 0 7.87000E+11 6.00000E+03 0
7.88000E+25 0 7.88000E+11 7.00000E+03 0
7.89000E+25 0 7.89000E+11 8.00000E+03 0
7.90000E+25 0 7.90000E+11 9.00000E+03 0
7.91000E+25 0 7.91000E+11 0.00000E+00 0
7.92000E+25 0 7.92000E+11 1.00000E+03 0
7.93000E+25 0 7.93000E+11 2.00000E+03 0
7.94000E+25 0 7.94000E+11 3.00000E+03 0
7.95000E+25 0 7.95000E+11 4.00000E+03 0
7.96000E+25 0 7.96000E+11 5.00000E+03 0
7.97000E+25 0 7.97000E+11 6.00000E+03 0
7.98000E+25 0 7.98000E+11 7.00000E+03 0
7.99000E+25 0 7.99000E+11 8.00000E+03 0
8.00000E+25 0 8.00000E+11 9.00000E+03 0
8.01000E+25 0 8.01000E+11 0.00000E+00 0
8.02000E+25 0 8.02000E+11 1.00000E+03 0
8.03000E+25 0 8.03000E+11 2.00000E+03 0
8.04000E+25 0 8.04000E+11 3.00000E+03 0
8.05000E+25 0 8.05000E+11 4.00000E+03 0
8.06000E+25 0 8.06000E+11 5.00000E+03 0
8.07000E+25 0 8.07000E+11 6.00000E+03 0
8.08000E+25 0 8.08000E+11 7.00000E+03 0
8.09000E+25 0 8.09000E+11 8.00000E+03 0
8.10000E+25 0 8.10000E+11 9.00000E+03 0
8.11000E+25 0 8.11000E+11 0.00000E+00 0
8.12000E+25 0 8.12000E+11 1.00000E+03 0
8.13000E+25 0 8.13000E+11 2.00000E+03 0
8.14000E+25 0 8.14000E+11 3.00000E+03 0
8.15000E+25 0 8.15000E+11 4.00000E+03 0
8.16000E+25 0 8.16000E+11 5.00000E+03 0
8.17000E+25 0 8.17000E+11 6.00000E+03 0
8.18000E+25 0 8.18000E+11 7.00000E+03 0
8.19000E+25 0 8.19000E+11 8.00000E+03 0
8.20000E+25 0 8.20000E+11 9.00000E+03 0
8.21000E+25 0 8.21000E+11 0.00000E+00 0
8.22000E+25 0 8.22000E+11 1.00000E+03 0
8.23000E+25 0 8.23000E+11 2.00000E+03 0
8.24000E+25 0 8.24000E+11 3.00000E+03 0
8.25000E+25 0 8.25000E+11 4.00000E+03 0
8.26000E+25 0 8.26000E+11 5.00000E+03 0
8.27000E+25 0 8.27000E+11 6.00000E+03 0
8.28000E+25 0 8.28000E+11 7.00000E+03 0
8.29000E+25 0 8.29000E+11 8.00000E+03 0
8.30000E+25 0 8.30000E+11 9.00000E+03 0
8.31000E+25 0 8.31000E+11 0.00000E+00 0
8.32000E+25 0 8.32000E+11 1.00000E+03 0
8.33000E+25 0 8.33000E+11 2.00000E+03 0
8.34000E+25 0 8.34000E+11 3.00000E+03 0
8.35000E+25 0 8.35000E+11 4.00000E+03 0
8.36000E+25 0 8.36000E+11 5.00000E+03 0
8.37000E+25 0 8.37000E+11 6.00000E+03 0
8.38000E+25 0 8.38000E+11 7.00000E+03 0
8.39000E+25 0 8.39000E+11 8.00000E+03 0
8.40000E+25 0 8.40000E+11 9.00000E+03 0
8.41000E+25 0 8.41000E+11 0.00000E+00 0
8.42000E+25 0 8.42000E+11 1.00000E+03 0
8.43000E+25 0 8.43000E+11 2.00000E+03 0
8.44000E+25 0 8.44000E+11 3.00000E+03 0
8.45000E+25 0 8.45000E+11 4.00000E+03 0
8.46000E+25 0 8.46000E+11 5.00000E+03 0
8.47000E+25 0 8.47000E+11 6.00000E+03 0
8.48000E+25 0 8.48000E+11 7.00000E+03 0
8.49000E+25 0 8.49000E+11 8.00000E+03 0
8.50000E+25 0 8.50000E+11 9.00000E+03 0
8.51000E+25 0 8.51000E+11 0.00000E+00 0
8.52000E+25 0 8.52000E+11 1.00000E+03 0
8.53000E+25 0 8.53000E+11 2.00000E+03 0
8.54000E+25 0 8.54000E+11 3.00000E+03 0
8.55000E+25 0 8.55000E+11 4.00000E+03 0
8.56000E+25 0 8.56000E+11 5.00000E+03 0
8.57000E+25 0 8.57000E+11 6.00000E+03 0
8.58000E+25 0 8.58000E+11 7.00000E+03 0
8.59000E+25 0 8.59000E+11 8.00000E+03 0
8.60000E+25 0 8.60000E+11 9.00000E+03 0
8.61000E+25 0 8.61000E+11 0.00000E+00 0
8.62000E+25 0 8.62000E+11 1.00000E+03 0
8.63000E+25 0 8.63000E+11 2.00000E+03 0
8.64000E+25 0 8.64000E+11 3.00000E+03 0
8.65000E+25 0 8.65000E+11 4.00000E+03 0
8.66000E+25 0 8.66000E+11 5.00000E+03 0
8.67000E+25 0 8.67000E+11 6.00000E+03 0
8.68000E+25 0 8.68000E+11 7.00000E+03 0
8.69000E+25 0 8.69000E+11 8.00000E+03 0
8.70000E+25 0 8.70000E+11 9.00000E+03 0
8.71000E+25 0 8.71000E+11 0.00000E+00 0
8.72000E+25 0 8.72000E+11 1.00000E+03 0
8.73000E+25 0 8.73000E+11 2.00000E+03 0
8.74000E+25 0 8.74000E+11 3.00000E+03 0
8.75000E+25 0 8.75000E+11 4.00000E+03 0
8.76000E+25 0 8.76000E+11 5.00000E+03 0
8.77000E+25 0 8.77000E+11 6.00000E+03 0
8.78000E+25 0 8.78000E+11 7.00000E+03 0
8.79000E+25 0 8.79000E+11 8.00000E+03 0
8.80000E+25 0 8.80000E+11 9.00000E+03 0
8.81000E+25 0 8.81000E+11 0.00000E+00 0
8.82000E+25 0 8.82000E+11 1.00000E+03 0
8.83000E+25 0 8.83000E+11 2.00000E+03 0
8.84000E+25 0 8.84000E+11 3.00000E+03 0
8.85000E+25 0 8.85000E+11 4.00000E+03 0
8.86000E+25 0 8.86000E+11 5.00000E+03 0
8.87000E+25 0 8.87000E+11 6.00000E+03 0
8.88000E+25 0 8.88000E+11 7.00000E+03 0
8.89000E+25 0 8.89000E+11 8.00000E+03 0
8.90000E+25 0 8.90000E+11 9.00000E+03 0
8.91000E+25 0 8.91000E+11 0.00000E+00 0
8.92000E+25 0 8.92000E+11 1.00000E+03 0
8.93000E+25 0 8.93000E+11 2.00000E+03 0
8.94000E+25 0 8.94000E+11 3.00000E+03 0
8.95000E+25 0 8.95000E+11 4.00000E+03 0
8.96000E+25 0 8.96000E+11 5.00000E+03 0
8.97000E+25 0 8.97000E+11 6.00000E+03 0
8.98000E+25 0 8.98000E+11 7.00000E+03 0
8.99000E+25 0 8.99000E+11 8.00000E+03 0
9.00000E+25 0 9.00000E+11 9.00000E+03 0
9.01000E+25 0 9.01000E+11 0.00000E+00 0
9.02000E+25 0 9.02000E+11 1.00000E+03 0
9.03000E+25 0 9.03000E+11 2.00000E+03 0
9.04000E+25 0 9.04000E+11 3.00000E+03 0
9.05000E+25 0 9.05000E+11 4.00000E+03 0
9.06000E+25 0 9.06000E+11 5.00000E+03 0
9.07000E+25 0 9.07000E+11 6.00000E+03 0
9.08000E+25 0 9.08000E+11 7.00000E+03 0
9.09000E+25 0 9.09000E+11 8.00000E+03 0
9.10000E+25 0 9.10000E+11 9.00000E+03 0
9.11000E+25 0 9.11000E+11 0.00000E+00 0
9.12000E+25 0 9.12000E+11 1.00000E+03 0
9.13000E+25 0 9.13000E+11 2.00000E+03 0
9.14000E+25 0 9.14000E+11 3.00000E+03 0
9.15000E+25 0 9.15000E+11 4.00000E+03 0
9.16000E+25 0 9.16000E+11 5.00000E+03 0
9.17000E+25 0 9.17000E+11 6.00000E+03 0
9.18000E+25 0 9.18000E+11 7.00000E+03 0
9.19000E+25 0 9.19000E+11 8.00000E+03 0
9.20000E+25 0 9.20000E+11 9.00000E+03 0
9.21000E+25 0 9.21000E+11 0.00000E+00 0
9.22000E+25 0 9.22000E+11 1.00000E+03 0
9.23000E+25 0 9.23000E+11 2.00000E+03 0
9.24000E+25 0 9.24000E+11 3.00000E+03 0
9.25000E+25 0 9.25000E+11 4.00000E+03 0
9.26000E+25 0 9.26000E+11 5.00000E+03 0
9.27000E+25 0 9.27000E+11 6.00000E+03 0
9.28000E+25 0 9.28000E+11 7.00000E+03 0
9.29000E+25 0 9.29000E+11 8.00000E+03 0
9.30000E+25 0 9.30000E+11 9.00000E+03 0
9.31000E+25 0 9.31000E+11 0.00000E+00 0
9.32000E+25 0 9.32000E+11 1.00000E+03 0
9.33000E+25 0 9.33000E+11 2.00000E+03 0
9.34000E+25 0 9.34000E+11 3.00000E+03 0
9.35000E+25 0 9.35000E+11 4.00000E+03 0
9.36000E+25 0 9.36000E+11 5.00000E+03 0
9.37000E+25 0 9.37000E+11 6.00000E+03 0
9.38000E+25 0 9.38000E+11 7.00000E+03 0
9.39000E+25 0 9.39000E+11 8.00000E+03 0
9.40000E+25 0 9.40000E+11 9.00000E+03 0
9.41000E+25 0 9.41000E+11 0.00000E+00 0
9.42000E+25 0 9.42000E+11 1.00000E+03 0
9.43000E+25 0 9.43000E+11 2.00000E+03 0
9.44000E+25 0 9.44000E+11 3.00000E+03 0
9.45000E+25 0 9.45000E+11 4.00000E+03 0
9.46000E+25 0 9.46000E+11 5.00000E+03 0
9.47000E+25 0 9.47000E+11 6.00000E+03 0
9.48000E+25 0 9.48000E+11 7.00000E+03 0
9.49000E+25 0 9.49000E+11 8.00000E+03 0
9.50000E+25 0 9.50000E+11 9.00000E+03 0
9.51000E+25 0 9.51000E+11 0.00000E+00 0
9.52000E+25 0 9.52000E+11 1.00000E+03 0
9.53000E+25 0 9.53000E+11 2.00000E+03 0
9.54000E+25 0 9.54000E+11 3.00000E+03 0
9.55000E+25 0 9.55000E+11 4.00000E+03 0
9.56000E+25 0 9.56000E+11 5.00000E+03 0
9.57000E+25 0 9.57000E+11 6.00000E+03 0
9.58000E+25 0 9.58000E+11 7.00000E+03 0
9.59000E+25 0 9.59000E+11 8.00000E+03 0
9.60000E+25 0 9.60000E+11 9.00000E+03 0
9.61000E+25 0 9.61000E+11 0.00000E+00 0
9.62000E+25 0 9.62000E+11 1.00000E+03 0
9.63000E+25 0 9.63000E+11 2.00000E+03 0
9.64000E+25 0 9.64000E+11 3.00000E+03 0
9.65000E+25 0 9.65000E+11 4.00000E+03 0
9.66000E+25 0 9.66000E+11 5.00000E+03 0
9.67000E+25 0 9.67000E+11 6.00000E+03 0
9.68000E+25 0 9.68000E+11 7.00000E+03 0
9.69000E+25 0 9.69000E+11 8.00000E+03 0
9.70000E+25 0 9.70000E+11 9.00000E+03 0
9.71000E+25 0 9.71000E+11 0.00000E+00 0
9.72000E+25 0 9.72000E+11 1.00000E+03 0
9.73000E+25 0 9.73000E+11 2.00000E+03 0
9.74000E+25 0 9.74000E+11 3.00000E+03 0
9.75000E+25 0 9.75000E+11 4.00000E+03 0
9.76000E+25 0 9.76000E+11 5.00000E+03 0
9.77000E+25 0 9.77000E+11 6.00000E+03 0
9.78000E+25 0 9.78000E+11 7.00000E+03 0
9.79000E+25 0 9.79000E+11 8.00000E+03 0
9.80000E+25 0 9.80000E+11 9.00000E+03 0
9.81000E+25 0 9.81000E+11 0.00000E+00 0
9.82000E+25 0 9.82000E+11 1.00000E+03 0
9.83000E+25 0 9.83000E+11 2.00000E+03 0
9.84000E+25 0 9.84000E+11 3.00000E+03 0
9.85000E+25 0 9.85000E+11 4.00000E+03 0
9.86000E+25 0 9.86000E+11 5.00000E+03 0
9.87000E+25 0 9.87000E+11 6.00000E+03 0
9.88000E+25 0 9.88000E+11 7.00000E+03 0
9.89000E+25 0 9.89000E+11 8.00000E+03 0
9.90000E+25 0 9.90000E+11 9.00000E+03 0
9.91000E+25 0 9.91000E+11 0.00000E+00 0
9.92000E+25 0 9.92000E+11 1.00000E+03 0
9.93000E+25 0 9.93000E+11 2.00000E+03 0
9.94000E+25 0 9.94000E+11 3.00000E+03 0
9.95000E+25 0 9.95000E+11 4.00000E+03 0
9.96000E+25 0 9.96000E+11 5.00000E+03 0
9.97000E+25 0 9.97000E+11 6.00000E+03 0
9.98000E+25 0 9.98000E+11 7.00000E+03 0
9.99000E+25 0 9.99000E+11 8.00000E+03 0
1.00000E+26 0 1.00000E+12 9.00000E+03 0
1.00100E+26 0 1.00100E+12 0.00000E+00 0
1.00200E+26 0 1.00200E+12 1.00000E+03 0
1.00300E+26 0 1.00300E+12 2.00000E+03 0
1.00400E+26 0 1.00400E+12 3.00000E+03 0
1.00500E+26 0 1.00500E+12 4.00000E+03 0
1.00600E+26 0 1.00600E+12 5.00000E+03 0
1.00700E+26 0 1.00700E+12 6.00000E+03 0
1.00800E+26 0 1.00800E+12 7.00000E+03 0
1.00900E+26 0 1.00900E+12 8.00000E+03 0
1.01000E+26 0 1.01000E+12 9.00000E+03 0
1.01100E+26 0 1.01100E+12 0.00000E+00 0
1.01200E+26 0 1.01200E+12 1.00000E+03 0
1.01300E+26 0 1.01300E+12 2.00000E+03 0
1.01400E+26 0 1.01400E+12 3.00000E+03 0
1.01500E+26 0 1.01500E+12 4.00000E+03 0
1.01600E+26 0 1.01600E+12 5.00000E+03 0
1.01700E+26 0 1.01700E+12 6.00000E+03 0
1.01800E+26 0 1.01800E+12 7.00000E+03 0
1.01900E+26 0 1.01900E+12 8.00000E+03 0
1.02000E+26 0 1.02000E+12 9.00000E+03 0
1.02100E+26 0 1.02100E+12 0.00000E+00 0
1.02200E+26 0 1.02200E+12 1.00000E+03 0
1.02300E+26 0 1.02300E+12 2.00000E+03 0
1.02400E+26 0 1.02400E+12 3.00000E+03 0
